1664338004.4685411 0.650816948204181 0.0 0.0
1664338004.5660677 0.650816948204181 0.0 0.0
1664338004.6655476 0.650816948204181 0.42356880172557754 1.5707963267948966
1664338004.7655876 0.650816948204181 0.42356880172557754 1.5707963267948966
1664338004.8656044 0.650816948204181 0.42356880172557754 1.5707963267948966
1664338004.965658 0.650816948204181 0.42356880172557754 1.5707963267948966
1664338005.0659773 0.650816948204181 0.42356880172557754 1.5707963267948966
1664338005.1661906 0.650816948204181 0.42356880172557754 1.5707963267948966
1664338005.265862 0.650816948204181 0.8471376034511551 1.5707963267948966
1664338005.3656337 0.650816948204181 0.8471376034511551 1.5707963267948966
1664338005.4659405 0.650816948204181 0.8471376034511551 1.5707963267948966
1664338005.5661113 0.650816948204181 0.8471376034511551 1.5707963267948966
1664338005.665387 0.650816948204181 1.2707064051767327 1.5707963267948966
1664338005.7657185 0.650816948204181 1.2707064051767327 1.5707963267948966
1664338005.866028 0.650816948204181 1.2707064051767327 1.5707963267948966
1664338005.9661632 0.650816948204181 1.2707064051767327 1.5707963267948966
1664338006.0655837 0.650816948204181 1.2707064051767327 1.5707963267948966
1664338006.165773 0.650816948204181 1.2707064051767327 1.5707963267948966
1664338006.2659905 0.650816948204181 1.6942752069023101 1.5707963267948966
1664338006.3653636 0.650816948204181 1.6942752069023101 1.5707963267948966
1664338006.4664884 0.650816948204181 1.6942752069023101 1.5707963267948966
1664338006.565839 0.650816948204181 1.6942752069023101 1.5707963267948966
1664338006.6660118 0.650816948204181 2.1178440086278876 1.5707963267948966
1664338006.7651975 0.650816948204181 2.1178440086278876 1.5707963267948966
1664338006.8654566 0.650816948204181 2.1178440086278876 1.5707963267948966
1664338006.9658048 0.650816948204181 2.1178440086278876 1.5707963267948966
1664338007.068424 0.650816948204181 2.5414128103534654 1.5707963267948966
1664338007.1652286 0.650816948204181 2.5414128103534654 1.5707963267948966
1664338007.2655153 0.650816948204181 2.5414128103534654 1.5707963267948966
1664338007.3659346 0.650816948204181 2.5414128103534654 1.5707963267948966
1664338007.466234 0.650816948204181 2.964981612079043 1.5707963267948966
1664338007.5652692 0.650816948204181 2.964981612079043 1.5707963267948966
1664338007.6655056 0.650816948204181 2.964981612079043 1.5707963267948966
1664338007.765839 0.650816948204181 2.964981612079043 1.5707963267948966
1664338007.865304 0.650816948204181 3.3885504138046203 1.5707963267948966
1664338007.9652283 0.650816948204181 3.3885504138046203 1.5707963267948966
1664338008.0655155 0.650816948204181 3.3885504138046203 1.5707963267948966
1664338008.1658506 0.650816948204181 3.3885504138046203 1.5707963267948966
1664338008.2660959 0.650816948204181 3.3885504138046203 1.5707963267948966
1664338008.36566 0.650816948204181 3.3885504138046203 1.5707963267948966
1664338008.466077 0.650816948204181 3.8121192155301977 1.5707963267948966
1664338008.5654263 0.650816948204181 3.8121192155301977 1.5707963267948966
1664338008.6655688 0.650816948204181 3.8121192155301977 1.5707963267948966
1664338008.7657237 0.650816948204181 3.8121192155301977 1.5707963267948966
1664338008.8662226 0.650816948204181 4.235688017255775 1.5707963267948966
1664338008.9654982 0.650816948204181 4.235688017255775 1.5707963267948966
1664338009.066084 0.650816948204181 4.235688017255775 1.5707963267948966
1664338009.1654 0.650816948204181 4.235688017255775 1.5707963267948966
1664338009.2658343 0.650816948204181 4.659256818981352 1.5707963267948966
1664338009.365993 0.650816948204181 4.659256818981352 1.5707963267948966
1664338009.46531 0.650816948204181 4.659256818981352 1.5707963267948966
1664338009.5658627 0.650816948204181 4.659256818981352 1.5707963267948966
1664338009.6655874 0.650816948204181 5.082825620706931 1.5707963267948966
1664338009.7659333 0.650816948204181 5.082825620706931 1.5707963267948966
1664338009.866247 0.650816948204181 5.082825620706931 1.5707963267948966
1664338009.9653873 0.650816948204181 5.082825620706931 1.5707963267948966
1664338010.0658555 0.650816948204181 5.082825620706931 1.5707963267948966
1664338010.1654108 0.650816948204181 5.082825620706931 1.5707963267948966
1664338010.2656295 0.650816948204181 5.506394422432508 1.5707963267948966
1664338010.3659406 0.650816948204181 5.506394422432508 1.5707963267948966
1664338010.4653268 0.650816948204181 5.506394422432508 1.5707963267948966
1664338010.5654905 0.650816948204181 5.506394422432508 1.5707963267948966
1664338010.66583 0.650816948204181 5.929963224158086 1.5707963267948966
1664338010.7660937 0.650816948204181 5.929963224158086 1.5707963267948966
1664338010.865536 0.650816948204181 5.929963224158086 1.5707963267948966
1664338010.965571 0.650816948204181 5.929963224158086 1.5707963267948966
1664338011.0659585 0.650816948204181 6.353532025883663 1.5707963267948966
1664338011.16518 0.650816948204181 6.353532025883663 1.5707963267948966
1664338011.2653382 0.650816948204181 6.353532025883663 1.5707963267948966
1664338011.3656898 0.650816948204181 6.353532025883663 1.5707963267948966
1664338011.466054 0.650816948204181 6.777100827609241 1.5707963267948966
1664338011.5652454 0.650816948204181 6.777100827609241 1.5707963267948966
1664338011.6656168 0.650816948204181 6.777100827609241 1.5707963267948966
1664338011.7681866 0.650816948204181 6.777100827609241 1.5707963267948966
1664338011.8653815 0.650816948204181 6.777100827609241 1.5707963267948966
1664338011.9657815 0.650816948204181 6.777100827609241 1.5707963267948966
1664338012.06599 0.650816948204181 7.2006696293348185 1.5707963267948966
1664338012.1671329 0.650816948204181 7.2006696293348185 1.5707963267948966
1664338012.2652597 0.650816948204181 7.2006696293348185 1.5707963267948966
1664338012.3665547 0.650816948204181 7.2006696293348185 1.5707963267948966
1664338012.4661126 0.650816948204181 7.6242384310603954 1.5707963267948966
1664338012.5664957 0.650816948204181 7.6242384310603954 1.5707963267948966
1664338012.6658554 0.650816948204181 7.6242384310603954 1.5707963267948966
1664338012.766352 0.650816948204181 7.6242384310603954 1.5707963267948966
1664338012.865544 0.650816948204181 8.047807232785972 1.5707963267948966
1664338012.9657454 0.650816948204181 8.047807232785972 1.5707963267948966
1664338013.0662699 0.650816948204181 8.047807232785972 1.5707963267948966
1664338013.1654718 0.650816948204181 8.047807232785972 1.5707963267948966
1664338013.26574 0.650816948204181 8.47137603451155 1.5707963267948966
1664338013.366185 0.650816948204181 8.47137603451155 1.5707963267948966
1664338013.465174 0.650816948204181 8.47137603451155 1.5707963267948966
1664338013.5655406 0.650816948204181 8.47137603451155 1.5707963267948966
1664338013.6659896 0.650816948204181 8.894944836237128 1.5707963267948966
1664338013.766107 0.650816948204181 8.894944836237128 1.5707963267948966
1664338013.8662257 0.650816948204181 8.894944836237128 1.5707963267948966
1664338013.9654617 0.650816948204181 8.894944836237128 1.5707963267948966
1664338014.065669 0.650816948204181 9.318513637962704 1.5707963267948966
1664338014.168975 0.650816948204181 9.318513637962704 1.5707963267948966
1664338014.2652419 0.650816948204181 9.318513637962704 1.5707963267948966
1664338014.3654323 0.650816948204181 9.318513637962704 1.5707963267948966
1664338014.4661236 0.650816948204181 9.318513637962704 1.5707963267948966
1664338014.566072 0.650816948204181 9.318513637962704 1.5707963267948966
1664338014.6651957 0.650816948204181 9.742082439688282 1.5707963267948966
1664338014.7655208 0.650816948204181 9.742082439688282 1.5707963267948966
1664338014.8658836 0.650816948204181 9.742082439688282 1.5707963267948966
1664338014.9692454 0.650816948204181 9.742082439688282 1.5707963267948966
1664338015.06543 0.650816948204181 10.165651241413862 1.5707963267948966
1664338015.1652672 0.650816948204181 10.165651241413862 1.5707963267948966
1664338015.2661545 0.650816948204181 10.165651241413862 1.5707963267948966
1664338015.3655388 0.650816948204181 10.165651241413862 1.5707963267948966
1664338015.4661024 0.650816948204181 10.589220043139438 1.5707963267948966
1664338015.565191 0.650816948204181 10.589220043139438 1.5707963267948966
1664338015.6656678 0.650816948204181 10.589220043139438 1.5707963267948966
1664338015.7660396 0.650816948204181 10.589220043139438 1.5707963267948966
1664338015.8662057 0.650816948204181 11.012788844865016 1.5707963267948966
1664338015.9652922 0.650816948204181 11.012788844865016 1.5707963267948966
1664338016.0665057 0.650816948204181 11.012788844865016 1.5707963267948966
1664338016.1665354 0.650816948204181 11.012788844865016 1.5707963267948966
1664338016.2660503 0.650816948204181 11.436357646590592 1.5707963267948966
1664338016.3670921 0.650816948204181 11.436357646590592 1.5707963267948966
1664338016.4656224 0.650816948204181 11.436357646590592 1.5707963267948966
1664338016.5657759 0.650816948204181 11.436357646590592 1.5707963267948966
1664338016.6661022 0.650816948204181 11.859926448316171 1.5707963267948966
1664338016.7655084 0.650816948204181 11.859926448316171 1.5707963267948966
1664338016.8657384 0.650816948204181 11.859926448316171 1.5707963267948966
1664338016.9652784 0.650816948204181 11.859926448316171 1.5707963267948966
1664338017.065719 0.650816948204181 11.859926448316171 1.5707963267948966
1664338017.1659486 0.650816948204181 11.859926448316171 1.5707963267948966
1664338017.265337 0.650816948204181 12.283495250041748 1.5707963267948966
1664338017.365722 0.650816948204181 12.283495250041748 1.5707963267948966
1664338017.4660773 0.650816948204181 12.283495250041748 1.5707963267948966
1664338017.5653763 0.650816948204181 12.283495250041748 1.5707963267948966
1664338017.6657221 0.650816948204181 12.707064051767325 1.5707963267948966
1664338017.7665331 0.650816948204181 12.707064051767325 1.5707963267948966
1664338017.865485 0.650816948204181 12.707064051767325 1.5707963267948966
1664338017.965685 0.650816948204181 12.707064051767325 1.5707963267948966
1664338018.0660508 0.650816948204181 13.130632853492902 1.5707963267948966
1664338018.165564 0.650816948204181 13.130632853492902 1.5707963267948966
1664338018.2659569 0.650816948204181 13.130632853492902 1.5707963267948966
1664338018.36541 0.650816948204181 13.130632853492902 1.5707963267948966
1664338018.465515 0.650816948204181 13.554201655218481 1.5707963267948966
1664338018.565822 0.650816948204181 13.554201655218481 1.5707963267948966
1664338018.665631 0.650816948204181 13.554201655218481 1.5707963267948966
1664338018.7657573 0.650816948204181 13.554201655218481 1.5707963267948966
1664338018.8660827 0.650816948204181 13.977770456944057 1.5707963267948966
1664338018.965783 0.650816948204181 13.977770456944057 1.5707963267948966
1664338019.0659919 0.650816948204181 13.977770456944057 1.5707963267948966
1664338019.1653755 0.650816948204181 13.977770456944057 1.5707963267948966
1664338019.2658288 0.650816948204181 14.401339258669637 1.5707963267948966
1664338019.3659604 0.650816948204181 14.401339258669637 1.5707963267948966
1664338019.4661908 0.650816948204181 14.401339258669637 1.5707963267948966
1664338019.5653405 0.650816948204181 14.401339258669637 1.5707963267948966
1664338019.6662977 0.650816948204181 14.824908060395211 1.5707963267948966
1664338019.7655277 0.650816948204181 14.824908060395211 1.5707963267948966
1664338019.8659587 0.650816948204181 14.824908060395211 1.5707963267948966
1664338019.9681256 0.650816948204181 14.824908060395211 1.5707963267948966
1664338020.0653594 0.650816948204181 14.824908060395211 1.5707963267948966
1664338020.1658983 0.650816948204181 14.824908060395211 1.5707963267948966
1664338020.2661073 0.650816948204181 15.248476862120791 1.5707963267948966
1664338020.3657506 0.650816948204181 15.248476862120791 1.5707963267948966
1664338020.4661827 0.650816948204181 15.248476862120791 1.5707963267948966
1664338020.5654197 0.650816948204181 15.248476862120791 1.5707963267948966
1664338020.6655805 0.650816948204181 15.672045663846367 1.5707963267948966
1664338020.7659721 0.650816948204181 15.672045663846367 1.5707963267948966
1664338020.8655992 0.650816948204181 15.672045663846367 1.5707963267948966
1664338020.9659865 0.650816948204181 15.672045663846367 1.5707963267948966
1664338021.0661516 0.650816948204181 16.095614465571945 1.5707963267948966
1664338021.165344 0.650816948204181 16.095614465571945 1.5707963267948966
1664338021.2656054 0.650816948204181 16.095614465571945 1.5707963267948966
1664338021.3652053 0.650816948204181 16.095614465571945 1.5707963267948966
1664338021.465814 0.650816948204181 16.519183267297525 1.5707963267948966
1664338021.565984 0.650816948204181 16.519183267297525 1.5707963267948966
1664338021.6652439 0.650816948204181 16.519183267297525 1.5707963267948966
1664338021.7660694 0.650816948204181 16.519183267297525 1.5707963267948966
1664338021.8659341 0.650816948204181 16.9427520690231 1.5707963267948966
1664338021.966173 0.650816948204181 16.9427520690231 1.5707963267948966
1664338022.0653546 0.650816948204181 16.9427520690231 1.5707963267948966
1664338022.1656191 0.650816948204181 16.9427520690231 1.5707963267948966
1664338022.2652607 0.650816948204181 16.9427520690231 1.5707963267948966
1664338022.3659477 0.650816948204181 16.9427520690231 1.5707963267948966
1664338022.4662592 0.650816948204181 17.366320870748677 1.5707963267948966
1664338022.5661166 0.650816948204181 17.366320870748677 1.5707963267948966
1664338022.6660945 0.650816948204181 17.366320870748677 1.5707963267948966
1664338022.765368 0.650816948204181 17.366320870748677 1.5707963267948966
1664338022.8656368 0.650816948204181 17.789889672474256 1.5707963267948966
1664338022.9654746 0.650816948204181 17.789889672474256 1.5707963267948966
1664338023.066035 0.650816948204181 17.789889672474256 1.5707963267948966
1664338023.1658885 0.650816948204181 17.789889672474256 1.5707963267948966
1664338023.266375 0.650816948204181 18.213458474199836 1.5707963267948966
1664338023.3653107 0.650816948204181 18.213458474199836 1.5707963267948966
1664338023.4655733 0.650816948204181 18.213458474199836 1.5707963267948966
1664338023.565935 0.650816948204181 18.213458474199836 1.5707963267948966
1664338023.666073 0.650816948204181 18.63702727592541 1.5707963267948966
1664338023.76615 0.650816948204181 18.63702727592541 1.5707963267948966
1664338023.8661034 0.650816948204181 18.63702727592541 1.5707963267948966
1664338023.9658294 0.650816948204181 18.63702727592541 1.5707963267948966
1664338024.0660918 0.650816948204181 19.060596077650988 1.5707963267948966
1664338024.1653583 0.650816948204181 19.060596077650988 1.5707963267948966
1664338024.265633 0.650816948204181 19.060596077650988 1.5707963267948966
1664338024.3663685 0.650816948204181 19.060596077650988 1.5707963267948966
1664338024.465434 0.650816948204181 19.060596077650988 1.5707963267948966
1664338024.5654492 0.650816948204181 19.060596077650988 1.5707963267948966
1664338024.6659226 0.650816948204181 19.484164879376564 1.5707963267948966
1664338024.7657058 0.650816948204181 19.484164879376564 1.5707963267948966
1664338024.865778 0.650816948204181 19.484164879376564 1.5707963267948966
1664338024.9662564 0.650816948204181 19.484164879376564 1.5707963267948966
1664338025.065359 0.650816948204181 19.907733681102144 1.5707963267948966
1664338025.165633 0.650816948204181 19.907733681102144 1.5707963267948966
1664338025.2661033 0.650816948204181 19.907733681102144 1.5707963267948966
1664338025.3661406 0.650816948204181 19.907733681102144 1.5707963267948966
1664338025.4657333 0.650816948204181 20.331302482827724 1.5707963267948966
1664338025.565881 0.650816948204181 20.331302482827724 1.5707963267948966
1664338025.666332 0.650816948204181 20.331302482827724 1.5707963267948966
1664338025.7659912 0.650816948204181 20.331302482827724 1.5707963267948966
1664338025.8659618 0.650816948204181 20.754871284553296 1.5707963267948966
1664338025.9660962 0.650816948204181 20.754871284553296 1.5707963267948966
1664338026.0657096 0.650816948204181 20.754871284553296 1.5707963267948966
1664338026.1658566 0.650816948204181 20.754871284553296 1.5707963267948966
1664338026.2654665 0.650816948204181 21.178440086278876 1.5707963267948966
1664338026.365483 0.650816948204181 21.178440086278876 1.5707963267948966
1664338026.4661045 0.650816948204181 21.178440086278876 1.5707963267948966
1664338026.5667212 0.650816948204181 21.178440086278876 1.5707963267948966
1664338026.6661003 0.650816948204181 21.602008888004455 1.5707963267948966
1664338026.7659998 0.650816948204181 21.602008888004455 1.5707963267948966
1664338026.8654287 0.650816948204181 21.602008888004455 1.5707963267948966
1664338026.9654324 0.650816948204181 21.602008888004455 1.5707963267948966
1664338027.0657623 0.650816948204181 21.602008888004455 1.5707963267948966
1664338027.1659875 0.650816948204181 21.602008888004455 1.5707963267948966
1664338027.2652552 0.650816948204181 22.02557768973003 1.5707963267948966
1664338027.3657625 0.650816948204181 22.02557768973003 1.5707963267948966
1664338027.466092 0.650816948204181 22.02557768973003 1.5707963267948966
1664338027.5661085 0.650816948204181 22.02557768973003 1.5707963267948966
1664338027.6659665 0.650816948204181 22.449146491455608 1.5707963267948966
1664338027.7652273 0.650816948204181 22.449146491455608 1.5707963267948966
1664338027.8656075 0.650816948204181 22.02557768973003 -1.5707963267948966
1664338027.9658005 0.650816948204181 22.02557768973003 -1.5707963267948966
1664338028.0659645 0.650816948204181 22.02557768973003 -1.5707963267948966
1664338028.1658797 0.650816948204181 22.02557768973003 -1.5707963267948966
1664338028.265287 0.650816948204181 22.02557768973003 -1.5707963267948966
1664338028.3654313 0.650816948204181 22.02557768973003 -1.5707963267948966
1664338028.4657328 0.0 22.449146491455608 2.5646367570031265
1664338028.5659926 0.0 22.449146491455608 2.5646367570031265
1664338028.6653988 0.0 22.449146491455608 2.5646367570031265
1664338028.7657623 0.0 22.449146491455608 2.5646367570031265
1664338028.8664172 0.0 22.449146491455608 2.5646367570031265
1664338028.9652884 0.0 22.449146491455608 2.5646367570031265
1664338029.0654883 0.0 22.449146491455608 2.5646367570031265
1664338029.165737 0.0 22.449146491455608 2.5646367570031265
1664338029.2659674 0.0 22.449146491455608 2.5646367570031265
1664338029.3654084 0.0 22.449146491455608 2.5646367570031265
1664338029.4656456 0.0 22.449146491455608 2.5646367570031265
1664338029.565418 0.0 22.449146491455608 2.5646367570031265
1664338029.6654987 0.0 22.449146491455608 2.5646367570031265
1664338029.7659683 0.0 22.449146491455608 2.5646367570031265
1664338029.8659987 0.0 22.449146491455608 2.5646367570031265
1664338029.965302 0.0 22.449146491455608 2.5646367570031265
1664338030.0657632 0.0 22.449146491455608 2.5646367570031265
1664338030.1659203 0.0 22.449146491455608 2.5646367570031265
1664338030.2653372 0.650816948204181 22.449146491455608 0.0
1664338030.3654616 0.650816948204181 22.449146491455608 0.0
1664338030.465335 0.650816948204181 22.449146491455608 0.0
1664338030.5658715 0.650816948204181 22.449146491455608 0.0
1664338030.6653473 0.650816948204181 22.449146491455608 0.0
1664338030.765729 0.650816948204181 22.449146491455608 0.0
1664338030.8656821 0.650816948204181 22.449146491455608 0.0
1664338030.9659026 0.650816948204181 22.449146491455608 0.0
1664338031.0660377 1.301633896408362 22.449146491455608 0.0
1664338031.1653414 1.301633896408362 22.449146491455608 0.0
1664338031.2671163 1.301633896408362 22.449146491455608 0.0
1664338031.3656147 1.301633896408362 22.449146491455608 0.0
1664338031.4656334 1.301633896408362 22.449146491455608 0.0
1664338031.5655856 1.301633896408362 22.449146491455608 0.0
1664338031.6652179 1.9524508446125433 22.872715293181184 0.5769558965866666
1664338031.7664764 1.9524508446125433 22.872715293181184 0.5769558965866666
1664338031.8656607 1.9524508446125433 22.872715293181184 0.5769558965866666
1664338031.965409 1.9524508446125433 22.872715293181184 0.5769558965866666
1664338032.0658782 1.9524508446125433 22.872715293181184 0.5769558965866666
1664338032.1656106 1.9524508446125433 22.872715293181184 0.5769558965866666
1664338032.2658634 1.9524508446125433 22.872715293181184 0.5769558965866666
1664338032.366432 1.9524508446125433 22.872715293181184 0.5769558965866666
1664338032.4656637 2.603267792816724 22.872715293181184 0.0
1664338032.5657377 2.603267792816724 22.872715293181184 0.0
1664338032.6657963 2.603267792816724 22.872715293181184 0.0
1664338032.765669 2.603267792816724 22.872715293181184 0.0
1664338032.8654742 2.603267792816724 22.872715293181184 0.0
1664338032.9656718 2.603267792816724 22.872715293181184 0.0
1664338033.066036 3.2540847410209053 22.872715293181184 0.0
1664338033.1661828 3.2540847410209053 22.872715293181184 0.0
1664338033.2654781 3.2540847410209053 22.872715293181184 0.0
1664338033.3657167 3.2540847410209053 22.872715293181184 0.0
1664338033.465894 3.2540847410209053 22.872715293181184 0.0
1664338033.5661712 3.2540847410209053 22.872715293181184 0.0
1664338033.6656618 3.9049016892250865 22.872715293181184 0.0
1664338033.7660196 3.9049016892250865 22.872715293181184 0.0
1664338033.8663158 3.9049016892250865 22.872715293181184 0.0
1664338033.9654624 3.9049016892250865 22.872715293181184 0.0
1664338034.065981 3.9049016892250865 22.872715293181184 0.0
1664338034.1659682 3.9049016892250865 22.872715293181184 0.0
1664338034.2651947 3.9049016892250865 22.872715293181184 0.0
1664338034.365496 3.9049016892250865 22.872715293181184 0.0
1664338034.4658215 4.555718637429267 22.872715293181184 0.0
1664338034.5659354 4.555718637429267 22.872715293181184 0.0
1664338034.665232 4.555718637429267 22.872715293181184 0.0
1664338034.7656028 4.555718637429267 22.872715293181184 0.0
1664338034.8657506 4.555718637429267 22.872715293181184 0.0
1664338034.965864 4.555718637429267 22.872715293181184 0.0
1664338035.066164 5.206535585633448 22.872715293181184 0.0
1664338035.165479 5.206535585633448 22.872715293181184 0.0
1664338035.2656252 5.206535585633448 22.872715293181184 0.0
1664338035.3668647 5.206535585633448 22.872715293181184 0.0
1664338035.465253 5.206535585633448 22.872715293181184 0.0
1664338035.5654202 5.206535585633448 22.872715293181184 0.0
1664338035.6658125 5.857352533837629 22.872715293181184 0.0
1664338035.7659252 5.857352533837629 22.872715293181184 0.0
1664338035.865177 5.857352533837629 22.872715293181184 0.0
1664338035.9664485 5.857352533837629 22.872715293181184 0.0
1664338036.0652788 5.857352533837629 22.872715293181184 0.0
1664338036.1657445 5.857352533837629 22.872715293181184 0.0
1664338036.2658 6.508169482041811 22.872715293181184 0.0
1664338036.3659868 6.508169482041811 22.872715293181184 0.0
1664338036.465329 6.508169482041811 22.872715293181184 0.0
1664338036.5659401 6.508169482041811 22.872715293181184 0.0
1664338036.66528 6.508169482041811 22.872715293181184 0.0
1664338036.765474 6.508169482041811 22.872715293181184 0.0
1664338036.8657932 6.508169482041811 22.872715293181184 0.0
1664338036.9659472 6.508169482041811 22.872715293181184 0.0
1664338037.0661187 7.158986430245991 22.872715293181184 0.0
1664338037.165409 7.158986430245991 22.872715293181184 0.0
1664338037.266631 7.158986430245991 22.872715293181184 0.0
1664338037.3659775 7.158986430245991 22.872715293181184 0.0
1664338037.4662983 7.158986430245991 22.872715293181184 0.0
1664338037.565626 7.158986430245991 22.872715293181184 0.0
1664338037.66672 7.809803378450173 22.872715293181184 0.0
1664338037.7662907 7.809803378450173 22.872715293181184 0.0
1664338037.865495 7.809803378450173 22.872715293181184 0.0
1664338037.9664075 7.809803378450173 22.872715293181184 0.0
1664338038.0658352 7.809803378450173 22.872715293181184 0.0
1664338038.1659238 7.809803378450173 22.872715293181184 0.0
1664338038.2652092 8.460620326654354 22.872715293181184 0.0
1664338038.3654554 8.460620326654354 22.872715293181184 0.0
1664338038.4658477 8.460620326654354 22.872715293181184 0.0
1664338038.5659568 8.460620326654354 22.872715293181184 0.0
1664338038.6662314 8.460620326654354 22.872715293181184 0.0
1664338038.7655098 8.460620326654354 22.872715293181184 0.0
1664338038.8658834 9.111437274858535 22.872715293181184 0.0
1664338038.9652252 9.111437274858535 22.872715293181184 0.0
1664338039.065313 9.111437274858535 22.872715293181184 0.0
1664338039.1659772 9.111437274858535 22.872715293181184 0.0
1664338039.2657743 9.111437274858535 22.872715293181184 0.0
1664338039.3660724 9.111437274858535 22.872715293181184 0.0
1664338039.4653604 9.111437274858535 22.872715293181184 0.0
1664338039.5655372 9.111437274858535 22.872715293181184 0.0
1664338039.666055 9.762254223062715 22.872715293181184 0.0
1664338039.766255 9.762254223062715 22.872715293181184 0.0
1664338039.8655186 9.762254223062715 22.872715293181184 0.0
1664338039.9659092 9.762254223062715 22.872715293181184 0.0
1664338040.0662646 9.762254223062715 22.872715293181184 0.0
1664338040.165911 9.762254223062715 22.872715293181184 0.0
1664338040.2656026 10.413071171266896 22.872715293181184 0.0
1664338040.365467 10.413071171266896 22.872715293181184 0.0
1664338040.4661078 10.413071171266896 22.872715293181184 0.0
1664338040.5654316 10.413071171266896 22.872715293181184 0.0
1664338040.6666663 10.413071171266896 22.872715293181184 0.0
1664338040.765876 10.413071171266896 22.872715293181184 0.0
1664338040.8651953 11.063888119471079 22.872715293181184 0.0
1664338040.9654675 11.063888119471079 22.872715293181184 0.0
1664338041.0657203 11.063888119471079 22.872715293181184 0.0
1664338041.1658938 11.063888119471079 22.872715293181184 0.0
1664338041.265368 11.063888119471079 22.872715293181184 0.0
1664338041.3656726 11.063888119471079 22.872715293181184 0.0
1664338041.4656641 11.063888119471079 22.872715293181184 0.0
1664338041.5659177 11.063888119471079 22.872715293181184 0.0
1664338041.665203 11.714705067675258 22.872715293181184 0.0
1664338041.7654614 11.714705067675258 22.872715293181184 0.0
1664338041.8657517 11.714705067675258 22.872715293181184 0.0
1664338041.965995 11.714705067675258 22.872715293181184 0.0
1664338042.0652444 11.714705067675258 22.872715293181184 0.0
1664338042.1654658 11.714705067675258 22.872715293181184 0.0
1664338042.2668223 12.36552201587944 22.872715293181184 0.0
1664338042.3665173 12.36552201587944 22.872715293181184 0.0
1664338042.4652255 12.36552201587944 22.872715293181184 0.0
1664338042.5656517 12.36552201587944 22.872715293181184 0.0
1664338042.6659064 12.36552201587944 22.872715293181184 0.0
1664338042.765468 12.36552201587944 22.872715293181184 0.0
1664338042.8657236 12.36552201587944 22.872715293181184 0.0
1664338042.9660316 12.36552201587944 22.872715293181184 0.0
1664338043.0653098 13.016338964083621 22.872715293181184 0.0
1664338043.1656148 13.016338964083621 22.872715293181184 0.0
1664338043.2660263 13.016338964083621 22.872715293181184 0.0
1664338043.36532 13.016338964083621 22.872715293181184 0.0
1664338043.4655724 13.016338964083621 22.872715293181184 0.0
1664338043.5658097 13.016338964083621 22.872715293181184 0.0
1664338043.6653187 13.667155912287802 22.872715293181184 0.0
1664338043.765455 13.667155912287802 22.872715293181184 0.0
1664338043.866237 13.667155912287802 22.872715293181184 0.0
1664338043.966042 13.667155912287802 22.872715293181184 0.0
1664338044.0653865 13.667155912287802 22.872715293181184 0.0
1664338044.1654863 13.667155912287802 22.872715293181184 0.0
1664338044.2657256 14.317972860491983 22.872715293181184 0.0
1664338044.3661397 14.317972860491983 22.872715293181184 0.0
1664338044.4657662 14.317972860491983 22.872715293181184 0.0
1664338044.5655591 14.317972860491983 22.872715293181184 0.0
1664338044.6658487 14.317972860491983 22.872715293181184 0.0
1664338044.766094 14.317972860491983 22.872715293181184 0.0
1664338044.8653052 14.968789808696163 22.872715293181184 0.0
1664338044.965645 14.968789808696163 22.872715293181184 0.0
1664338045.0660126 14.968789808696163 22.872715293181184 0.0
1664338045.1660843 14.968789808696163 22.872715293181184 0.0
1664338045.2653737 14.968789808696163 22.872715293181184 0.0
1664338045.3659437 14.968789808696163 22.872715293181184 0.0
1664338045.4652803 14.968789808696163 22.872715293181184 0.0
1664338045.5664358 14.968789808696163 22.872715293181184 0.0
1664338045.6656957 15.619606756900346 22.872715293181184 0.0
1664338045.7660298 15.619606756900346 22.872715293181184 0.0
1664338045.8653212 15.619606756900346 22.872715293181184 0.0
1664338045.9654808 15.619606756900346 22.872715293181184 0.0
1664338046.0652864 15.619606756900346 22.872715293181184 0.0
1664338046.1655257 15.619606756900346 22.872715293181184 0.0
1664338046.2654436 16.270423705104527 22.872715293181184 0.0
1664338046.365555 16.270423705104527 22.872715293181184 0.0
1664338046.4658976 16.270423705104527 22.872715293181184 0.0
1664338046.5660226 16.270423705104527 22.872715293181184 0.0
1664338046.665335 16.270423705104527 22.872715293181184 0.0
1664338046.7655516 16.270423705104527 22.872715293181184 0.0
1664338046.8658378 16.921240653308708 22.872715293181184 0.0
1664338046.9693315 16.921240653308708 22.872715293181184 0.0
1664338047.0653224 16.921240653308708 22.872715293181184 0.0
1664338047.1655705 16.921240653308708 22.872715293181184 0.0
1664338047.2677662 16.921240653308708 22.872715293181184 0.0
1664338047.366089 16.921240653308708 22.872715293181184 0.0
1664338047.4654078 16.921240653308708 22.872715293181184 0.0
1664338047.5659368 16.921240653308708 22.872715293181184 0.0
1664338047.6661751 17.572057601512885 22.872715293181184 0.0
1664338047.766515 17.572057601512885 22.872715293181184 0.0
1664338047.8656952 17.572057601512885 22.872715293181184 0.0
1664338047.9660668 17.572057601512885 22.872715293181184 0.0
1664338048.0653434 17.572057601512885 22.872715293181184 0.0
1664338048.1655474 17.572057601512885 22.872715293181184 0.0
1664338048.2658057 18.22287454971707 22.872715293181184 0.0
1664338048.3653913 18.22287454971707 22.872715293181184 0.0
1664338048.4654982 18.22287454971707 22.872715293181184 0.0
1664338048.565602 18.22287454971707 22.872715293181184 0.0
1664338048.6740625 18.22287454971707 22.872715293181184 0.0
1664338048.765677 18.22287454971707 22.872715293181184 0.0
1664338048.8658233 18.87369149792125 22.872715293181184 0.0
1664338048.9660003 18.87369149792125 22.872715293181184 0.0
1664338049.065358 18.87369149792125 22.872715293181184 0.0
1664338049.1744256 18.87369149792125 22.872715293181184 0.0
1664338049.265429 18.87369149792125 22.872715293181184 0.0
1664338049.3660846 18.87369149792125 22.872715293181184 0.0
1664338049.4653807 18.87369149792125 22.872715293181184 0.0
1664338049.5658035 18.87369149792125 22.872715293181184 0.0
1664338049.665867 19.52450844612543 22.872715293181184 0.0
1664338049.766109 19.52450844612543 22.872715293181184 0.0
1664338049.8653557 19.52450844612543 22.872715293181184 0.0
1664338049.965613 19.52450844612543 22.872715293181184 0.0
1664338050.0665696 19.52450844612543 22.872715293181184 0.0
1664338050.165966 19.52450844612543 22.872715293181184 0.0
1664338050.2655513 20.17532539432961 22.872715293181184 0.0
1664338050.365489 20.17532539432961 22.872715293181184 0.0
1664338050.4676945 20.17532539432961 22.872715293181184 0.0
1664338050.5659795 20.17532539432961 22.872715293181184 0.0
1664338050.665875 20.17532539432961 22.872715293181184 0.0
1664338050.7660997 20.17532539432961 22.872715293181184 0.0
1664338050.8654633 20.826142342533792 22.872715293181184 0.0
1664338050.9655604 20.826142342533792 22.872715293181184 0.0
1664338051.066124 20.826142342533792 22.872715293181184 0.0
1664338051.1654522 20.826142342533792 22.872715293181184 0.0
1664338051.2657065 20.826142342533792 22.872715293181184 0.0
1664338051.365381 20.826142342533792 22.872715293181184 0.0
1664338051.465385 21.476959290737973 22.872715293181184 0.0
1664338051.565397 21.476959290737973 22.872715293181184 0.0
1664338051.665801 21.476959290737973 22.872715293181184 0.0
1664338051.7659705 21.476959290737973 22.872715293181184 0.0
1664338051.865327 21.476959290737973 22.872715293181184 0.0
1664338051.965564 21.476959290737973 22.872715293181184 0.0
1664338052.065489 21.476959290737973 22.872715293181184 0.0
1664338052.1651978 21.476959290737973 22.872715293181184 0.0
1664338052.265427 22.127776238942158 22.872715293181184 0.0
1664338052.365584 22.127776238942158 22.872715293181184 0.0
1664338052.465771 22.127776238942158 22.872715293181184 0.0
1664338052.5659575 22.127776238942158 22.872715293181184 0.0
1664338052.6654398 22.127776238942158 22.872715293181184 0.0
1664338052.7657976 22.127776238942158 22.872715293181184 0.0
1664338052.865633 22.778593187146335 22.872715293181184 0.0
1664338052.9659994 22.778593187146335 22.872715293181184 0.0
1664338053.0659385 22.778593187146335 22.872715293181184 0.0
1664338053.1661808 22.778593187146335 22.872715293181184 0.0
1664338053.2658088 22.778593187146335 22.872715293181184 0.0
1664338053.3660622 22.778593187146335 22.872715293181184 0.0
1664338053.4653413 23.429410135350516 22.872715293181184 0.0
1664338053.566799 23.429410135350516 22.872715293181184 0.0
1664338053.6656516 23.429410135350516 22.872715293181184 0.0
1664338053.765257 23.429410135350516 22.872715293181184 0.0
1664338053.8651702 23.429410135350516 22.872715293181184 0.0
1664338053.965485 23.429410135350516 22.872715293181184 0.0
1664338054.0657418 24.080227083554696 22.872715293181184 0.0
1664338054.1660075 24.080227083554696 22.872715293181184 0.0
1664338054.265366 24.080227083554696 22.872715293181184 0.0
1664338054.3655965 24.080227083554696 22.872715293181184 0.0
1664338054.465775 24.080227083554696 22.872715293181184 0.0
1664338054.5659003 24.080227083554696 22.872715293181184 0.0
1664338054.6656635 24.080227083554696 22.872715293181184 0.0
1664338054.7655156 24.080227083554696 22.872715293181184 0.0
1664338054.865732 24.73104403175888 23.296284094906763 0.5769558965866682
1664338054.9658942 24.73104403175888 23.296284094906763 0.5769558965866682
1664338055.0693252 24.73104403175888 23.296284094906763 0.5769558965866682
1664338055.1654294 24.73104403175888 23.296284094906763 0.5769558965866682
1664338055.2656844 24.73104403175888 23.296284094906763 0.5769558965866682
1664338055.3660362 24.73104403175888 23.296284094906763 0.5769558965866682
1664338055.4652016 25.381860979963058 23.296284094906763 0.0
1664338055.5654588 25.381860979963058 23.296284094906763 0.0
1664338055.6658435 25.381860979963058 23.296284094906763 0.0
1664338055.7659752 25.381860979963058 23.296284094906763 0.0
1664338055.8681643 25.381860979963058 23.296284094906763 0.0
1664338055.96557 25.381860979963058 23.296284094906763 0.0
1664338056.065976 26.032677928167242 23.296284094906763 0.0
1664338056.1660824 26.032677928167242 23.296284094906763 0.0
1664338056.2652752 26.032677928167242 23.296284094906763 0.0
1664338056.3656602 26.032677928167242 23.296284094906763 0.0
1664338056.4658499 26.032677928167242 23.296284094906763 0.0
